0 0
6440.51 0
12881 0
19321.5 5.41706
25762 10.181
32202.5 10.181
38643.1 14.4375
45083.6 14.4375
51524.1 18.6405
57964.6 18.6405
64405.1 22.7952
70845.6 26.9066
77286.1 26.9066
83726.6 30.8276
90167.1 34.6205
96607.6 38.3114
103048 38.3114
109489 41.9525
115929 45.5089
122370 48.4839
128810 51.3403
135251 54.1749
141691 57.0009
148132 59.7263
154572 62.334
161013 64.8937
167453 67.4335
173894 71.96
180334 74.136
186775 78.3678
193215 80.124
199656 83.6018
206096 85.228
212537 88.2497
218977 89.7033
