0 0
15809.6 0
31619.2 0
47428.9 0
63238.5 9.24876
79048.1 9.24876
94857.7 9.24876
110667 9.24876
126477 17.6043
142287 17.6043
158096 25.1305
173906 25.1305
189715 25.1305
205525 29.6754
221335 33.6773
237144 33.6773
252954 37.6045
268764 41.2254
284573 44.5837
300383 44.5837
316192 47.7625
332002 50.806
347812 53.7069
363621 56.4948
379431 59.2103
395241 61.8647
411050 64.2904
426860 66.6971
442669 71.1041
458479 73.1957
474289 77.3136
490098 79.0309
505908 82.417
521718 83.9394
537527 86.8291
