0 0
25061.2 11.1075
50122.4 22.2063
75183.6 33.4734
100245 44.3263
125306 55.1672
150367 66.5453
175428 77.4488
200490 88.6675
225551 97.0267
250612 99.4427
275673 100.572
300734 101.026
325796 101.313
350857 101.517
375918 101.686
400979 101.848
426040 101.992
451102 102.123
476163 102.252
501224 102.365
526285 102.545
551346 102.658
576408 102.775
601469 102.931
626530 103.139
651591 103.337
676652 103.516
701713 103.685
726775 103.84
751836 103.999
776897 104.159
801958 104.325
827019 104.488
852081 104.656
877142 104.829
902203 104.865
