0 0
7261.16 3.43317
14522.3 6.64865
21783.5 10.0811
29044.6 12.8541
36305.8 15.7667
43567 19.3295
50828.1 22.3778
58089.3 25.6905
65350.4 28.685
72611.6 31.3459
79872.8 34.4557
87133.9 37.5697
94395.1 40.8418
101656 43.7569
108917 46.6131
116179 48.9811
123440 51.8923
130701 55.0867
137962 58.1472
145223 61.0262
152484 63.8845
159745 66.7941
167007 69.6318
174268 71.9989
181529 74.7836
188790 77.7445
196051 79.7727
203312 81.2229
210574 82.4345
217835 83.5841
225096 84.5866
232357 85.2218
239618 85.7811
246879 86.4415
