0 0
4224.22 0
8448.44 5.31332
12672.7 10.3074
16896.9 14.9068
21121.1 14.9068
25345.3 18.9816
29569.5 23.0484
33793.8 27.1031
38018 27.1031
42242.2 31.1118
46466.4 31.1118
50690.6 34.9167
54914.9 38.6965
59139.1 42.2975
63363.3 45.8448
67587.5 45.8448
71811.7 49.3449
76036 52.4041
80260.2 55.2664
84484.4 55.2664
88708.6 58.107
92932.8 60.9338
97157 63.6763
101381 66.1984
105605 68.6159
109830 71.0185
114054 75.383
118278 79.5492
122502 81.3119
126727 83.0462
130951 86.3287
135175 89.4081
139399 89.5215
143623 89.5963
147848 89.6115
