0 0
8815.63 2.99107
17631.3 6.277
26446.9 9.40584
35262.5 12.6665
44078.1 15.7176
52893.8 18.9257
61709.4 21.8611
70525 24.9162
79340.7 28.024
88156.3 30.8808
96971.9 34.1155
105788 37.2756
114603 40.5379
123419 43.1385
132234 46.1304
141050 49.3179
149866 52.2563
158681 55.3722
167497 58.7233
176313 61.8529
185128 65.0015
193944 67.8842
202759 70.9305
211575 73.8024
220391 76.7831
229206 79.6054
238022 82.3394
246838 84.7599
255653 86.5144
264469 87.6834
273284 88.5544
282100 88.8696
290916 89.0139
299731 89.1532
